0.426511
0.826061
0.0333858
0.69584
0.361618
0.678012
0.124325
0.837751
0.905276
0.0526627
0.193635
0.748
0.405307
0.11248
0.272063
0.35911
0.47358
0.952767
0.691945
0.41264
0.629171
0.132369
0.0472694
0.323968
0.380283
0.00826102
0.0172753
0.878744
0.839413
0.487988
0.536295
0.917856
0.184236
0.332815
0.708936
0.466561
0.820138
0.0787879
0.725199
0.863487
0.133023
0.428
0.684607
0.275303
0.875594
0.0932681
0.268815
0.594114
0.23527
0.405452
0.0544204
0.688834
0.67067
0.444141
0.144665
0.684911
0.566977
0.93582
0.322982
0.00912887
0.602361
0.286804
0.391972
0.573368
0.574656
0.123516
0.190977
0.563285
0.990871
0.982009
0.250467
0.478664
0.990752
0.503001
0.127454
0.593863
0.0837936
0.292068
0.912811
0.244311
0.0308529
0.311043
0.831815
0.0816608
0.107821
0.46623
0.927596
0.911001
0.284857
0.254666
0.809345
0.709939
0.407384
0.0550709
0.104886
0.218745
0.450135
0.285529
0.189471
0.375407
0.537898
0.839178
0.277759
0.37582
0.779814
0.387181
0.792632
0.115739
0.226695
0.226545
0.00399655
0.210725
0.0536439
0.952519
0.0521594
0.618141
0.234277
0.113177
0.277229
0.66068
0.906045
0.507105
0.565098
0.362453
0.715982
0.678944
0.382089
0.155024
0.47238
0.566079
0.236878
0.991333
0.842375
0.151269
0.076796
0.404878
0.0577212
0.833977
0.487315
0.644138
0.282408
0.0587404
0.839053
0.927219
0.568824
0.123312
0.243616
0.837113
0.460009
0.847687
0.782585
0.108791
0.524418
0.719017
0.577031
0.0954643
0.236515
0.545613
0.948516
0.477243
0.43699
0.746962
0.290276
0.271722
0.893366
0.345222
0.723387
0.819294
0.646381
0.933107
0.238684
0.341215
0.422201
0.511142
0.762724
0.343005
0.835463
0.975855
0.334707
0.11694
0.99758
0.448331
0.414253
0.375491
0.487836
0.188952
0.4778
0.645201
0.113357
0.0806726
0.548896
0.110428
0.472234
0.404794
0.636503
0.461535
0.406463
0.702278
0.384521
0.174903
0.22024
0.117239
0.908312
0.79799
0.442563
0.218881
0.353902
0.0404796
0.471686
0.778298
0.559902
0.646414
0.344214
0.210736
0.405433
0.259377
0.430161
0.222168
0.379388
0.541003
0.436688
0.50537
0.814938
0.39807
0.540868
0.506253
0.429898
0.96092
0.0607474
0.778769
0.787019
0.0424115
0.500023
0.936627
0.630767
0.882702
0.400546
0.599516
0.160632
0.991014
0.683365
0.60047
0.0426336
0.0223114
0.764901
0.855946
0.493848
0.161059
0.312532
0.611159
0.961578
0.398938
0.119892
0.0416816
0.756992
0.850947
0.383513
0.768261
0.0265931
0.543608
0.805789
0.403818
0.352971
0.867069
0.878385
0.436417
0.809244
0.336013
0.398638
0.993563
0.462151
0.12807
0.369823
0.814137
0.816276
0.71891
0.398543
0.108377
0.778908
0.568272
0.442879
0.717296
0.986199
0.397049
0.917181
0.0165901
0.0562429
0.783678
0.924281
0.896455
0.50753
0.0574219
0.834897
0.01116
0.357941
0.67536
0.784613
0.32447
0.327635
0.721247
0.723213
0.130698
0.0408927
0.914654
0.980915
0.554513
0.480343
0.185501
0.670894
0.143898
0.198896
0.961811
0.828018
0.566392
0.567881
0.672827
0.405353
0.143122
0.835842
0.950802
0.134785
0.929861
0.288585
0.431788
0.234982
0.180486
0.655758
0.318481
0.0334559
0.601467
0.892439
0.851963
0.448127
0.259532
0.673284
0.836732
0.591982
0.778481
0.671917
0.728793
0.622775
0.312733
0.680124
0.531574
0.105861
0.0969496
0.305816
0.357412
0.388991
0.540592
0.975674
0.222552
0.496867
0.366086
0.958329
0.73403
0.766857
0.43521
0.712543
0.439424
0.417517
0.219178
0.595279
0.693623
0.221126
0.560236
0.967065
0.0798804
0.708517
0.799406
0.773927
0.526048
0.119884
0.00967783
0.878901
0.109173
0.796477
0.0298654
0.48704
0.46993
0.561812
0.707915
0.904062
0.23887
0.561137
0.0306138
0.152116
0.468868
0.185254
0.5879
0.0554898
0.213954
0.061724
0.936071
0.699865
0.17875
0.187672
0.392029
0.00447685
0.621942
0.730312
0.986871
0.152426
0.698274
0.662136
0.428969
0.811833
0.242473
0.110025
0.000329435
0.620664
0.942702
0.905269
0.999913
0.329962
0.306954
0.691188
0.944052
0.700242
0.354641
0.731268
0.622582
0.604212
0.283902
0.741823
0.0719298
0.666398
0.639582
0.505172
0.219537
0.143045
0.031768
0.966687
0.20229
0.261737
0.260689
0.544246
0.476463
0.66503
0.207724
0.166982
0.731963
0.745356
0.347082
0.859763
0.137997
0.0661171
0.481459
0.4123
0.805868
0.931216
0.109916
0.405054
0.211398
0.0518107
0.808181
0.991028
0.512326
0.638339
0.88315
0.503441
0.0947885
0.447421
0.776207
0.845543
0.281593
0.467401
0.234808
0.49266
0.0232355
0.835974
0.898266
0.868702
0.156353
0.528098
0.759766
0.294061
0.866811
0.19927
0.020649
0.0810853
0.0652822
0.877799
0.835885
0.897368
0.0499774
0.00219864
0.963042
0.487106
0.206741
0.733591
0.369316
0.917067
0.479063
0.30362
0.127858
0.860968
0.259577
0.888505
0.547451
0.702672
0.183524
0.0996692
0.952133
0.377889
0.0869675
0.302685
0.765412
0.447219
0.826779
0.649262
0.557932
0.138627
0.72655
0.271919
0.175537
0.94169
0.651804
0.883793
0.425741
0.493083
0.968053
0.904515
0.505675
0.502268
0.908408
0.73662
0.677944
0.984392
0.934988
0.333412
0.555773
0.989258
0.791708
0.628125
0.210987
0.833446
0.0622386
0.613347
0.613797
0.0261744
0.226269
0.476116
0.908761
0.965403
0.186884
0.9205
0.285355
0.964937
0.960507
0.870872
0.374666
0.7589
0.0994802
0.546892
0.276166
0.681876
0.332847
0.108198
0.768737
0.139294
0.301267
0.0240932
0.563471
0.388924
0.878248
0.417001
0.172003
0.0410947
0.563083
0.174999
0.210526
0.510036
0.392603
0.614774
0.702278
0.378984
0.826448
0.115683
0.87118
0.125218
0.0211459
0.053209
0.79297
0.606501
0.818545
0.893729
0.780639
0.893301
0.820151
0.916649
0.078774
0.658214
0.126538
0.567796
0.548891
0.70797
0.80312
0.968171
0.489918
0.835385
0.968416
0.77708
0.0968675
0.867708
0.864217
0.2886
0.0845457
0.917441
0.335308
0.956141
0.0751171
0.831716
0.920354
0.348181
0.923656
0.217558
0.0237902
0.911925
0.337005
0.332722
0.262686
0.599318
0.111857
0.255829
0.263981
0.198475
0.5864
0.108411
0.649943
0.790697
0.472926
0.958824
0.0923091
0.820275
0.283554
0.482346
0.21335
0.834995
0.75116
0.768704
0.631078
0.424707
0.100712
0.838256
0.657468
0.819377
0.00153881
0.110568
0.832813
0.891657
0.449934
0.175737
0.71018
0.743779
0.643975
0.053013
0.388563
0.730935
0.531054
0.251919
0.556622
0.233445
0.394222
0.178412
0.216622
0.550708
0.440165
0.875156
0.95758
0.327199
0.928404
0.114844
0.408325
0.432277
0.916087
0.89663
0.803663
0.0157586
0.0932025
0.113149
0.530048
0.947785
0.0782452
0.270603
0.0377925
0.974238
0.166864
0.590402
0.144829
0.653995
0.606561
0.548062
0.948927
0.141376
0.844529
0.73757
0.610722
0.289042
0.137252
0.916728
0.203929
0.568238
0.352114
0.324784
0.969941
0.128882
0.0270082
0.791169
0.613344
0.0853555
0.124229
0.812947
0.924604
0.284171
0.828624
0.803285
0.939044
0.924224
0.93456
0.0128047
0.138638
0.517029
0.945987
0.990015
0.476417
0.311102
0.710235
0.736477
0.399437
0.929199
0.0297666
0.616955
0.512717
0.534622
0.876713
0.738258
0.234207
0.533676
0.123193
0.0542867
0.570596
0.0187001
0.574406
0.185184
0.850873
0.0615162
0.42834
0.478158
0.264072
0.0973585
0.587434
0.481857
0.815476
0.116232
0.0533096
0.948461
0.9423
0.550695
0.581698
0.0736907
0.816515
0.594606
0.764108
0.554729
0.421795
0.608044
0.51885
0.447979
0.00372893
0.162685
0.761476
0.411779
0.489931
0.670408
0.878918
0.843061
0.773351
0.913191
0.67186
0.338126
0.498302
0.862669
0.239806
0.937495
0.584348
0.522775
0.51726
0.835273
0.762274
0.674311
0.407297
0.262798
0.132743
0.550859
0.816876
0.541114
0.444231
0.410115
0.985543
0.664712
0.445281
0.576954
0.552719
0.30475
0.0599795
0.346476
0.809377
0.84619
0.173584
0.502538
0.628118
0.644202
0.105393
0.975811
0.503436
0.72415
0.4608
0.247973
0.318157
0.651663
0.615311
0.0191072
0.555164
0.845125
0.562643
0.72608
0.610354
0.263642
0.797111
0.169398
0.940927
0.535548
0.381185
0.248122
0.356019
0.386896
0.191288
0.591114
0.288963
0.222434
0.963506
0.180275
0.978935
0.662346
0.900361
0.424348
0.0951917
0.630944
0.200984
0.752704
0.276054
0.246857
0.295495
0.0631667
0.451517
0.692414
0.722075
0.905629
0.611427
0.94419
0.931398
0.356923
0.947067
0.482975
0.8564
0.607123
0.664777
0.0437703
0.948447
0.662279
0.951562
0.438736
0.0978698
0.419815
0.405731
0.172176
0.249928
0.443276
0.417231
0.447445
0.139085
0.880621
0.058336
0.540653
0.593119
0.184905
0.818767
0.721536
0.537808
0.339699
0.680572
0.586038
0.873274
0.161677
0.733632
0.174089
0.153626
0.0878006
0.560277
0.579022
0.915661
0.317886
0.137139
0.302559
0.456995
0.0466607
0.751835
0.494436
0.110883
0.41677
0.833971
0.626471
0.670583
0.95185
0.752962
0.133687
0.936934
0.317187
0.882382
0.707419
0.260623
0.255656
0.422872
0.577329
0.372378
0.899289
0.530239
0.574545
0.744779
0.148838
0.452713
0.644824
0.825534
0.981925
0.632438
0.302921
0.877867
0.641317
0.631817
0.220979
0.947645
0.356636
0.832598
0.60463
0.162166
0.717803
0.362538
0.561977
0.278611
0.961555
0.218434
0.223953
0.238204
0.84512
0.497385
0.130661
0.950405
0.597528
0.670524
0.062355
0.401236
0.632955
0.981847
0.648829
0.62274
0.700852
0.128844
0.693485
0.950684
0.594591
0.898453
0.54778
0.0421723
0.598954
0.747684
0.269464
0.377258
0.607119
0.256643
0.488507
0.0543332
0.88163
0.136786
0.887408
0.406392
0.104623
0.239187
0.182944
0.901456
0.171679
0.175543
0.449108
0.49278
0.891977
0.0741618
0.876574
0.399689
0.603472
0.785544
